1.614094245250333309e+09 1.472034832329913168e-01 -2.862265131672337565e-02 9.083489646448400512e-01 -2.897703420749267109e-02 1.175509838507506066e-01 -4.192560964453486555e-02 9.917582068932893069e-01
1.614094245550322294e+09 3.790120119991719494e-01 2.803370329005431746e-03 9.542190286231837515e-01 -8.180741447568298796e-02 7.680320859345587947e-02 -2.399430150205974013e-02 9.933947289884228482e-01
1.614094245800311327e+09 6.862833486379544823e-01 3.770315880589670404e-02 1.001175965577368210e+00 9.852130809762401839e-03 2.247524707414278941e-02 -3.273286684777357985e-02 9.991628286797850089e-01
1.614094246050305843e+09 1.016287582463347050e+00 7.030531386552126005e-02 1.005037513332724730e+00 -3.369130599280684667e-03 1.595638586583263824e-02 -9.081692485601288931e-03 9.998257676068879052e-01
1.614094246300299406e+09 1.391883402216430365e+00 9.018066624221149352e-02 1.014906011860920554e+00 -4.286885177523679091e-02 2.051952649385072394e-02 3.081919999668389972e-03 9.988652123029696517e-01
1.614094246550270796e+09 1.775805691117223750e+00 1.080240265252069287e-01 1.020435448247408505e+00 -2.856511507840288344e-02 8.410189525987429599e-04 -2.229343896858375709e-03 9.995890940348781672e-01
1.614094246800261497e+09 2.189221740643157776e+00 1.472090210250895093e-01 1.022594308722502232e+00 3.847705921050498939e-02 -8.740949366080821500e-03 -8.940260573404822109e-03 9.991812565593745088e-01
1.614094247050265551e+09 2.581713009919199386e+00 1.728725279910541535e-01 1.040382871995518377e+00 1.404885343092408985e-02 -2.704934888499273618e-02 -7.845039503378919976e-03 9.995045861812564825e-01
1.614094247266921520e+09 2.941319519325805931e+00 1.907486721777357785e-01 1.018867562795964909e+00 2.213861519889464072e-02 -1.874182107531834757e-02 3.599838221110401425e-03 9.995727422377211902e-01
1.614094247516911507e+09 3.329286187435929634e+00 2.026627727879272423e-01 1.036835379281754843e+00 3.602069258470132185e-04 -1.332316133235618080e-02 4.058691865296157005e-04 9.999110954946375251e-01
1.614094247783577681e+09 3.775683824976290293e+00 2.325083102418715464e-01 1.016256046413280600e+00 -1.272017143336973436e-03 -1.654915116088548702e-02 -7.501221591410564375e-03 9.998341058610061838e-01
1.614094248033586502e+09 4.171872835731747386e+00 2.534247717161060010e-01 1.049349201996547132e+00 -2.112093311709587612e-03 -3.405707701113215580e-02 -1.026037167663882213e-02 9.993649880500905525e-01
1.614094248233588696e+09 4.508359237920521956e+00 2.643760493745856421e-01 1.012184143946664783e+00 2.346371109754555664e-02 -2.490275686242941072e-02 1.122219028710010925e-02 9.993514744109510684e-01
1.614094248533566713e+09 4.981118049691267480e+00 2.844000918185486948e-01 1.049704091313907073e+00 2.126689950976868443e-02 -3.679266016082668664e-04 1.796347889850608004e-02 9.996123733933669486e-01
1.614094248833537817e+09 5.479335411733104344e+00 3.267188977450982135e-01 1.037757635129493483e+00 -1.954167800557726417e-02 -1.740023116643801219e-03 2.970265230119012098e-02 9.993662229566068200e-01
1.614094249133511305e+09 5.954645099562684507e+00 3.388346482096043499e-01 1.042559390855831492e+00 1.342689961211171630e-03 -5.416901338547253780e-02 9.114469979285758430e-03 9.984892796667920178e-01
1.614094249383508205e+09 6.350130054321279083e+00 3.539919826636000466e-01 1.050468761204940593e+00 3.227324074997856701e-02 -2.167766078493689463e-02 2.922417888906114584e-03 9.992396991853704780e-01
1.614094249633508205e+09 6.742038925965698759e+00 3.835998538526548818e-01 1.047187077006499045e+00 -1.012284123447408993e-02 -3.140918443362807760e-02 8.864423984019684927e-03 9.994160360960732126e-01
1.614094249883506298e+09 7.151770732158081678e+00 4.158982615889632584e-01 1.062185831675644065e+00 4.189684041248502820e-03 -2.326129929576322905e-02 -9.597539217731815850e-04 9.997201795378130029e-01
1.614094250133497238e+09 7.552697580955376466e+00 4.374712698415043066e-01 1.060059740403858086e+00 5.089016166092833957e-03 -3.759278791189843427e-02 -8.882066811105319287e-03 9.992407082883659752e-01
1.614094250383481264e+09 7.965489434696758408e+00 4.510120300350536904e-01 1.050645968382323048e+00 1.468878731860673650e-02 -1.211925569872563703e-02 -3.186140265949737559e-03 9.998135884646813798e-01
1.614094250633477211e+09 8.367514043893892861e+00 4.709342511674982079e-01 1.056172455577237379e+00 -4.332297694412510711e-03 -2.485868581907697480e-02 1.204077662108129620e-03 9.996808626421829214e-01
1.614094250833504200e+09 8.708231976218074877e+00 4.914164114013345741e-01 1.043848390025778228e+00 8.256309626904878574e-03 -2.324005361629999378e-02 -1.167352918243812210e-02 9.996276616699254491e-01
1.614094251100160360e+09 9.129305039571507407e+00 5.159322560759639353e-01 1.069032651581937277e+00 1.236158169075009423e-03 -3.834783309302583487e-02 -1.299257206680792809e-02 9.991792174986122710e-01
1.614094251400168180e+09 9.626975331825846638e+00 5.362777472211014418e-01 1.045416983525104149e+00 8.943204342644440336e-03 -2.130871982190113423e-02 5.358453088051237960e-04 9.997327995146715329e-01
1.614094251600178242e+09 9.943171122470586099e+00 5.507804255296427920e-01 1.054618625904502061e+00 3.592876793612987882e-03 -2.531633613723922524e-02 7.927121337473419516e-03 9.996416033300300485e-01
1.614094251850165367e+09 1.036559714059892556e+01 5.720819562299853667e-01 1.034135057838712290e+00 1.285405363897314246e-02 -2.634659581657078711e-02 -2.142609386994916501e-02 9.993405589164290337e-01
1.614094252150157213e+09 1.084719664576896747e+01 5.872578836118786949e-01 1.049953417006255441e+00 8.771999593529134637e-03 -3.771233385081562695e-02 -3.179267299152631343e-02 9.987442404553378283e-01
1.614094252400150299e+09 1.124470585642428233e+01 5.976529276617181807e-01 1.032430827476803259e+00 1.207897337255571350e-02 -2.929864503023214481e-02 -1.125866036267484348e-02 9.994343051789323917e-01
1.614094252716826200e+09 1.172838802170784511e+01 6.150302306826159748e-01 1.020949509434865510e+00 -8.905642714772777496e-03 -2.742780150384569599e-02 2.570649103218956757e-03 9.995808106379846514e-01
1.614094252916845322e+09 1.203423237392902578e+01 6.280616173189222939e-01 1.020783464989975409e+00 1.324961456163238453e-02 -1.467640199571305232e-02 1.031178690590658876e-03 9.998039745914878429e-01
1.614094253133517265e+09 1.234850073500075140e+01 6.401888990040592864e-01 1.041416629752674350e+00 3.252238948771922315e-03 -2.597537150119949567e-02 4.553817891204341162e-03 9.996469205473543784e-01
1.614094253333520174e+09 1.265581310767372614e+01 6.686448149316678302e-01 1.007587560398124582e+00 -9.265244206979791550e-03 -3.523454989464242654e-02 6.321202136585825360e-02 9.973349096960104632e-01
1.614094253600193977e+09 1.300133668656457253e+01 7.701112900430189256e-01 1.039415331326327463e+00 -4.946579399906862740e-02 -4.026228077796657062e-02 1.690299405322108761e-01 9.835450997154503439e-01
1.614094253800194025e+09 1.324050356427007635e+01 9.071747516187149696e-01 1.007096839455582815e+00 -4.546577866705070470e-02 -5.335982216997486871e-02 2.613975486546304405e-01 9.626821458329521963e-01
1.614094254050186634e+09 1.346213073999912524e+01 1.135931866229495268e+00 1.017028696974695778e+00 -4.176405904900291205e-02 -4.789083331127543669e-02 3.949701150935238103e-01 9.164937750140540462e-01
1.614094254250227451e+09 1.357651261172606638e+01 1.355293851323294829e+00 1.012205114641891113e+00 -2.470780384940485241e-02 -3.871480779810185235e-02 4.967614499719561483e-01 8.666710736535834236e-01
1.614094254450232983e+09 1.365339528523495005e+01 1.594407717555566428e+00 1.003507885582262560e+00 -1.830610037279580340e-02 -3.716750584608848745e-02 5.859757368645096554e-01 8.092687433754111037e-01
1.614094254650265455e+09 1.368620840633906433e+01 1.836368622293695463e+00 1.024955659938611374e+00 -4.327349248572572547e-03 -1.861760491975554543e-02 6.514052922108212185e-01 7.584891588646915928e-01
1.614094254850303888e+09 1.370509172428427647e+01 2.099813176384663915e+00 1.002051436306483634e+00 9.083909578876102906e-04 -3.126495313531194031e-02 6.777003618029504572e-01 7.346726462469285179e-01
1.614094255150303841e+09 1.370681021005327338e+01 2.493868526846642730e+00 1.040316381628966003e+00 1.894183979033066748e-02 -3.553902700151856473e-03 6.911866495158835999e-01 7.224192633173359690e-01
1.614094255400286674e+09 1.370692501747011072e+01 2.842309367796437058e+00 1.023612604240515367e+00 2.972410682200391993e-02 -2.436693295597509770e-03 7.036240512171431094e-01 7.099462899038155861e-01
1.614094255616944551e+09 1.370406468187861115e+01 3.140176020196200568e+00 1.056759716824555273e+00 1.390525118409794390e-02 -3.967280723872354531e-03 7.119773285738966173e-01 7.020535508563023885e-01
1.614094255916962624e+09 1.368803520627079529e+01 3.573173459450889045e+00 1.042514074157042891e+00 1.830265425101002333e-02 -2.374842821570091050e-02 7.050697194586436067e-01 7.085038572281462388e-01
1.614094256116982222e+09 1.367710089042037858e+01 3.856641600894630706e+00 1.073897386111704488e+00 2.565477257988862253e-02 -6.514212986176167765e-03 6.925662206627379858e-01 7.208685231510505442e-01
1.614094256383679628e+09 1.365837515580527572e+01 4.228216223827286235e+00 1.058693140892939422e+00 1.408697821734236633e-02 -1.718500661014098554e-02 6.991774784559895428e-01 7.146027471346844129e-01
1.614094256633710861e+09 1.363200719808935091e+01 4.580242563834528546e+00 1.073080590104175114e+00 9.273832193558359527e-04 -3.047052823459134654e-02 7.310308528667515127e-01 6.816630978910178662e-01
1.614094256883744955e+09 1.357338899387417364e+01 4.907556331313052134e+00 1.075878715189936941e+00 -4.187656884666397968e-03 -6.078446188783795390e-02 7.659870759208621260e-01 6.399621178202891114e-01
1.614094257133724689e+09 1.343858606752406715e+01 5.203484614106687722e+00 1.073550404609375564e+00 -7.686176357097228816e-03 -6.769048370790033131e-02 8.333469075361634726e-01 5.485360998223466344e-01
1.614094257383701324e+09 1.321831397587988910e+01 5.423249460762323615e+00 1.083530151216235859e+00 -4.141924590931022818e-03 -6.575688156654106720e-02 9.055869572244655830e-01 4.190120999353845188e-01
1.614094257583724499e+09 1.300123377395619073e+01 5.555770835500410954e+00 1.068067208020689884e+00 1.353050386044584927e-02 -4.870741768737355676e-02 9.541638326945128812e-01 2.949845645202947009e-01
1.614094257833685398e+09 1.271476922292861111e+01 5.624203808073110267e+00 1.085950095656379011e+00 8.558425729863908607e-03 -4.896619961844198010e-02 9.875456954279725474e-01 1.492734540554193912e-01
1.614094258083624363e+09 1.239946943013745972e+01 5.656955736047587280e+00 1.052024588276698758e+00 5.481031767548381547e-03 -2.223645073167604402e-02 9.971041059292595765e-01 7.251827692818353654e-02
1.614094258383521795e+09 1.198752605353669054e+01 5.682327841978153771e+00 1.085467437436469007e+00 1.884745651044796369e-02 -1.746568390693260114e-02 9.985486768774918254e-01 4.733141847610766034e-02
1.614094258583529711e+09 1.168293114407132727e+01 5.685249368937333792e+00 1.060445081265738665e+00 2.406790155965265326e-02 -8.614221487535978633e-03 9.993607830023645278e-01 2.499113241890721024e-02
1.614094258933525085e+09 1.115406915937271037e+01 5.657147419007848121e+00 1.097623122318914124e+00 2.694391005609619166e-02 -5.682404730771624043e-03 9.995801063507092632e-01 9.019255804643111149e-03
1.614094259200176001e+09 1.073111431012453743e+01 5.613472617178033808e+00 1.096374502710478094e+00 3.824117840050769712e-02 -7.583142062668917112e-03 9.992235828380429119e-01 5.686803258663185312e-03
1.614094259550173998e+09 1.016992289391061099e+01 5.570032815223017408e+00 1.093450830588496459e+00 5.197216878179794497e-02 6.502491705188723388e-03 9.986266820722878856e-01 1.166673490765929213e-03
1.614094259816818953e+09 9.748081711643710179e+00 5.549718687105579029e+00 1.114257678045436073e+00 3.515457532628394471e-02 -4.536096141967430745e-03 9.993001461250802242e-01 -1.194979580632721770e-02
1.614094260116804123e+09 9.260291884588834677e+00 5.520628756241560353e+00 1.087858618887312723e+00 5.356289392805277383e-02 -4.059286753559760222e-03 9.985023208557501917e-01 -1.037563640385553293e-02
1.614094260333459139e+09 8.916362115713857506e+00 5.504312364298916016e+00 1.115823970713241575e+00 3.812070110788522148e-02 1.892589944340762956e-02 9.990892307039909159e-01 3.054761628797328897e-03
1.614094260583465099e+09 8.507706709616384089e+00 5.482939886802735252e+00 1.091829845613870420e+00 5.040611877595921331e-02 1.234628801197022036e-02 9.986408431665172447e-01 -4.822729718424571994e-03
1.614094260783478737e+09 8.186906705777561299e+00 5.465049623489593777e+00 1.104334788354938590e+00 4.528965157411641435e-02 1.825554489900784588e-02 9.986432912646860949e-01 -1.808754689754170017e-02
1.614094261050142050e+09 7.764520205845067302e+00 5.441065641078933091e+00 1.109513320825333604e+00 5.467202396348613130e-02 4.736373252190664504e-03 9.983925184445907597e-01 -1.417447275983706005e-02
1.614094261250162601e+09 7.443739709751672429e+00 5.415213239101232645e+00 1.107966584766914453e+00 4.491134119781510503e-02 4.782261550347894317e-03 9.989707785570928200e-01 -4.181506345015972154e-03
1.614094261450164080e+09 7.139731300307190942e+00 5.395820962368769180e+00 1.133844504770975314e+00 4.343785215997713473e-02 1.196079333213391320e-02 9.989794848518706027e-01 3.175101208652158537e-03
1.614094261716814041e+09 6.704321154535650251e+00 5.375824380804832714e+00 1.100744682217269288e+00 5.134221260207407628e-02 1.430689887936898580e-02 9.985619066383677467e-01 -5.780005218574646615e-03
1.614094261916821957e+09 6.396550245717446792e+00 5.365058890816283288e+00 1.127819946585523869e+00 3.211350089606275493e-02 5.420309267478382216e-03 9.993593860205665091e-01 -1.483781925485978988e-02
1.614094262216809034e+09 5.917189827445269223e+00 5.334240278358655551e+00 1.088114787317592258e+00 4.291346313282341091e-02 -4.655744410978967726e-04 9.990106804278011676e-01 -1.165668535945388329e-02
1.614094262466866493e+09 5.535751819702313448e+00 5.310934767733753503e+00 1.119657678742797646e+00 2.843955649873805211e-02 8.332194113505506441e-03 9.995559494510648513e-01 3.109675930100895720e-03
1.614094262716894150e+09 5.127913040087683783e+00 5.288274869693366576e+00 1.084742359048612936e+00 3.807539300002957955e-02 1.297272117846051155e-02 9.991733678400400720e-01 -5.878260993808235094e-03
1.614094263033535242e+09 4.639193457736401349e+00 5.262840794325186700e+00 1.117266474457419223e+00 3.436655346810745665e-02 -6.161245383475683589e-03 9.993145624013788364e-01 -1.230383804302522671e-02
1.614094263233552217e+09 4.312656209659449402e+00 5.240453334305029465e+00 1.086969270676936494e+00 4.006472265912378039e-02 1.142598156708792088e-03 9.991876812936302255e-01 -4.182106975982443839e-03
1.614094263433556080e+09 4.003212163932344581e+00 5.224234227302551936e+00 1.121482373136734711e+00 2.939708415337655145e-02 1.340719550477552716e-02 9.994109928255068276e-01 1.156399461738116113e-02
1.614094263633561611e+09 3.675938741858800984e+00 5.205629621481422831e+00 1.106065081402808570e+00 4.440195895728473591e-02 5.768162144943414331e-03 9.989407555868572430e-01 1.060948508571072334e-02
1.614094263833588839e+09 3.342906493467437734e+00 5.191828093174203573e+00 1.102420955024874472e+00 4.583153280316343975e-02 6.959261060943212722e-03 9.989235571851061701e-01 1.663185814053492551e-03
1.614094264033616781e+09 3.032625537687681838e+00 5.178919246669114962e+00 1.121227087212897322e+00 3.451360766908308925e-02 -1.679631119351097587e-02 9.992627332871792945e-01 -8.274535581777497017e-04
1.614094264283648252e+09 2.624994071365081005e+00 5.156028395930309927e+00 1.082721558283882501e+00 4.141385077292100009e-02 5.597776972870704623e-03 9.990679933117521117e-01 1.080289762745146459e-02
1.614094264533674479e+09 2.243066571678649090e+00 5.145923391710192973e+00 1.117442334014295602e+00 3.656826600141968586e-02 6.724124661031000497e-03 9.988782043389848875e-01 2.932372700932733139e-02
1.614094264783720493e+09 1.847028101335957961e+00 5.132040779813801024e+00 1.087149205521660278e+00 4.926301634108589539e-02 1.797564760221328703e-02 9.986215885520236535e-01 2.225801449336442094e-03
1.614094264983741999e+09 1.549346661197964492e+00 5.118046841262674285e+00 1.124410722502846793e+00 4.533629276490855342e-02 -7.253181981129958565e-03 9.987790025707625752e-01 -1.823501941967059503e-02
1.614094265233794451e+09 1.180610315952548506e+00 5.094887233959812356e+00 1.091171838731721300e+00 4.699876743459058953e-02 -1.115487922988841162e-02 9.985485252973523851e-01 -2.382282845252898032e-02
1.614094265483820200e+09 8.308451456197646356e-01 5.041674279471037856e+00 1.117140737478943935e+00 4.931288661049710448e-02 -2.083830700117261792e-02 9.972891574995733643e-01 -5.048109061080493370e-02
1.614094265733829260e+09 4.914190126812231219e-01 4.939699831952335529e+00 1.099006127990162840e+00 7.086260105476310800e-02 -5.447644029216110184e-02 9.873504332459095423e-01 -1.309577458341539824e-01
1.614094265933831215e+09 2.591357345748950824e-01 4.792243876288763360e+00 1.083496777117854970e+00 6.863657212131982210e-02 -7.748275707928893585e-02 9.621617278636732662e-01 -2.520520834216960493e-01
1.614094266183803320e+09 7.564915960827255093e-02 4.557493372770226259e+00 1.099685442411081571e+00 7.633276362844648721e-02 -5.318935633887918180e-02 9.122966584983916993e-01 -3.988220260489235280e-01
1.614094266433770180e+09 -6.800758719895531879e-02 4.276299993592756366e+00 1.074572569606266681e+00 5.094919879733579571e-02 -3.655903088628618264e-02 8.706109650277455980e-01 -4.879591826946417799e-01
1.614094266683695555e+09 -1.380195187395535095e-01 3.971100839227617474e+00 1.087194129652655494e+00 -5.731777496040411229e-02 4.176687244241454600e-02 -8.188294011774772674e-01 5.696390197373258912e-01
1.614094266933639050e+09 -1.859735140502966344e-01 3.624355190888817191e+00 1.059864918426220770e+00 -2.237333713888708941e-02 5.460172562130439534e-03 -7.720355299350574185e-01 6.351619957292444774e-01
1.614094267183605671e+09 -1.987082709898912725e-01 3.289695828856458171e+00 1.097576020068877778e+00 -2.891981504187467189e-02 1.134289852636463300e-02 -7.299313744449414942e-01 6.828141559398742677e-01
1.614094267433508158e+09 -2.000898606471791241e-01 2.932511020197474672e+00 1.071369706756140960e+00 -2.098773839118380988e-02 -3.482720618605515683e-03 -7.237128619585021516e-01 6.897732083302090533e-01
1.614094267733455420e+09 -1.940937620799610130e-01 2.512855713902643284e+00 1.102132981556555036e+00 -7.999410761572418177e-03 -1.602461280499097723e-02 -7.290246665645556678e-01 6.842530648468855281e-01
1.614094267983439922e+09 -2.052042981240346231e-01 2.150695207935516606e+00 1.065300433235339961e+00 7.765088147189357776e-03 -2.746326535323709642e-02 -7.269129554599541576e-01 6.861363039853515255e-01
1.614094268233742476e+09 -2.443343125246523750e-01 1.810371216261470462e+00 1.101501477685111086e+00 -5.570209749453366999e-03 -2.349351504044635761e-02 -7.303857747599030725e-01 6.826079750067144403e-01
1.614094268583755970e+09 -3.441894341702755877e-01 1.330256184276293663e+00 1.090360881799947723e+00 -1.445136381318885138e-02 -3.241961510453465062e-02 -7.408900576318653286e-01 6.706877433967792790e-01
1.614094268783795357e+09 -4.176691355017659313e-01 1.068208521532612476e+00 1.106868318438669618e+00 -2.853600924209329093e-02 1.195779164157090161e-03 -7.370295244211174657e-01 6.752568003510271977e-01
1.614094268983840227e+09 -4.638948312586582134e-01 7.868859142595417966e-01 1.078337725238302403e+00 -6.583762625067696161e-02 -5.952977324842833109e-03 -6.746242595435074652e-01 7.351952648555486469e-01
1.614094269183853149e+09 -4.610330840241673167e-01 5.294343991696197627e-01 1.065622138103615058e+00 -1.036194770834658191e-01 4.964977690856843713e-03 -5.636079372456611614e-01 8.195025601175198737e-01
1.614094269433784723e+09 -3.898164325842033984e-01 2.777994934157319018e-01 1.002102330286704923e+00 -8.114381214480227700e-02 3.870005229372696330e-04 -4.069170289805368323e-01 9.098538693146593914e-01
1.614094269650413275e+09 -2.944622228066920422e-01 1.177140217717854431e-01 9.062473661863709173e-01 -7.869474093198954023e-02 -1.015647912101833202e-02 -2.941706738377428687e-01 9.524534625562340873e-01
1.614094269900351048e+09 -2.005144697436169743e-01 1.868402034037565038e-02 7.667259869887830259e-01 -6.876374208406305089e-02 -4.092170424102947041e-02 -1.654590921508905521e-01 9.829650302636453452e-01
1.614094270150268555e+09 -1.537429274289124348e-01 -1.106731737235392039e-02 5.336728475804941585e-01 -4.415726117548857826e-02 -5.317829973896164020e-02 -7.337183993102401602e-02 9.949064166179093505e-01
1.614094270466671467e+09 -1.040698776090858424e-01 -1.594192874944120805e-02 2.856930040695663253e-01 1.274321249362083417e-03 -3.739789087872064793e-02 -2.879992259782139866e-02 9.988845470431185758e-01
1.614094270716512918e+09 -7.998698316887448145e-02 -2.654837731723153765e-02 1.594408028824618462e-01 -1.822020283938188129e-02 -2.312788396403707078e-02 -1.368796672865879929e-02 9.994727433795645988e-01
1.614094271016462564e+09 -5.981203063645448847e-02 -3.394119026945185968e-02 9.937210921210648529e-02 -2.445255132811800531e-03 -1.795271103956474351e-02 4.987768478594509789e-04 9.998357225641226753e-01
1.614094271483153582e+09 -2.559862432209435851e-02 -4.328743295320836709e-02 7.371180969005147743e-02 -6.498007819623584369e-04 -6.409071209097973003e-03 2.251087561704379070e-02 9.997258434411578909e-01
1.614094271949802637e+09 -2.556825078072176918e-02 -4.070472927323250806e-02 5.658731369346527151e-02 3.500281257057675762e-05 9.512024166821412153e-04 2.797686345338493488e-02 9.996081177641947813e-01
1.614094274466342449e+09 1.693189882278880662e-02 -4.494626542222576737e-02 4.068096186073044684e-02 1.120740225396509721e-02 3.529202639090394267e-04 2.104146475388497806e-02 9.997157227647348599e-01
1.614094274749661446e+09 1.353177457086979490e-03 -4.232485503100363866e-02 2.159317926668856413e-01 -3.231933948892407732e-02 4.834108690577895370e-03 5.479097550025703416e-03 9.994508848253648159e-01
1.614094274999663591e+09 1.683658482209585833e-02 -1.786502506634882409e-03 4.813925885469690913e-01 1.533916436913955982e-02 1.759011986730174212e-02 1.176820991271243337e-02 9.996583451134496423e-01
1.614094275216356516e+09 7.135485644890535162e-02 2.133421075122644839e-02 7.516170334266026876e-01 8.841608798442614908e-03 4.313755705785425609e-02 2.566577338470244635e-02 9.987002779620623993e-01
1.614094275516360521e+09 2.464744756867673081e-01 2.167722937757286458e-02 9.568832647869442987e-01 2.422263575191989024e-02 3.296933834266883856e-02 6.478239801835552168e-03 9.991417912666581413e-01
1.614094275716393471e+09 4.428083100321421606e-01 2.133997932952697366e-02 1.018314056701879577e+00 -3.553280611177789955e-02 1.641204901269040922e-02 3.463502283780484081e-02 9.986333058385608030e-01
1.614094275966386557e+09 7.523948569586025314e-01 3.964170612127826399e-02 1.047435655192480164e+00 -2.601270836642858436e-02 -1.560729236473252027e-02 3.456823750888392277e-02 9.989418343347195028e-01
1.614094276283035517e+09 1.185898004654300397e+00 8.127437161683814804e-02 1.096327447197065208e+00 -8.982058778003267074e-03 -3.675730599287664602e-02 8.007234453494769741e-03 9.992517737150439228e-01
1.614094276533007622e+09 1.554604985888901947e+00 1.063996775302293168e-01 1.072650332049661204e+00 -5.541569531820277582e-03 -4.472317810755536277e-02 6.805986799691161361e-03 9.989608635430951011e-01
1.614094276783002615e+09 1.928717968003685224e+00 1.258893749728882960e-01 1.082421921976170154e+00 -1.198305769826310194e-02 -2.089494150005224982e-02 1.685012138757552985e-02 9.995678472005457005e-01
1.614094277032993555e+09 2.313097849070334444e+00 1.514743825088646356e-01 1.068800227605253728e+00 -3.219487400725340454e-02 -3.230308747379760648e-02 3.064977648353594403e-02 9.984891545874829966e-01
1.614094277282987595e+09 2.710617261289052671e+00 1.805612571677420175e-01 1.073669454751395858e+00 9.372717188702495497e-03 -3.369847340570431699e-02 2.626489202966196534e-02 9.990429022365835410e-01
1.614094277549622536e+09 3.140306923843256381e+00 1.951273547290808541e-01 1.058399345735472563e+00 3.311525547822219504e-03 -4.830602773016204332e-02 1.495001326113490868e-02 9.987152039430313710e-01
1.614094277849607468e+09 3.624399341359453963e+00 2.127152969020536522e-01 1.076072106149490004e+00 -2.155488340434178612e-02 -4.129892210923385293e-02 2.362654003305074066e-02 9.986348545089478446e-01
1.614094278099574566e+09 4.029486022170186033e+00 2.357469614166610716e-01 1.044638397386014717e+00 -1.265163780381100417e-02 -5.179078696532152942e-02 1.622832680025663998e-02 9.984459383740603711e-01
1.614094278349566460e+09 4.427678356687669847e+00 2.544040396298279383e-01 1.069332217194039591e+00 6.537717167363022927e-04 -4.312300441633303699e-02 -4.779398598471525615e-03 9.990581246462532095e-01
1.614094278599550486e+09 4.823689262152248247e+00 2.848665841492227790e-01 1.046563942415564163e+00 -1.351502759912530556e-02 -5.115041245005007980e-02 2.089564026451645740e-02 9.983808649774497113e-01
1.614094278849562645e+09 5.210971620986265762e+00 3.017543005865952477e-01 1.060593669789917648e+00 -5.487397793143169826e-03 -3.718060732446601402e-02 2.360955592362325856e-02 9.990145543351873769e-01
1.614094279149554491e+09 5.678606700073589586e+00 3.350390342315548442e-01 1.036688739659237468e+00 -1.732786380394434056e-02 -5.506520162621453968e-02 1.656763091865256360e-02 9.981949119844277796e-01
1.614094279349558592e+09 5.987854932608883018e+00 3.581948390254029446e-01 1.063805681375118883e+00 8.310248883104484618e-03 -4.337646917843517025e-02 6.259894466814805783e-03 9.990046223148206783e-01
1.614094279599551678e+09 6.384971324920378777e+00 3.785262745078008528e-01 1.054166290007157114e+00 -1.086456248440685959e-03 -5.911701306402140921e-02 2.534506223767967002e-03 9.982472512646405338e-01
1.614094279949539661e+09 6.934366090861420417e+00 4.001939237009454753e-01 1.087982996769875088e+00 -1.031982527870922706e-02 -5.273454205203749467e-02 1.719977855761116795e-02 9.984070997836242967e-01
1.614094280149555922e+09 7.269132217118521311e+00 4.223488569501411827e-01 1.057367260484495253e+00 -1.692684482626892820e-02 -6.460908394774889096e-02 1.239776035915193114e-02 9.976900539414719216e-01
1.614094280349565983e+09 7.589774281775123477e+00 4.496660579110658973e-01 1.078085209842928993e+00 -9.162876325995087182e-03 -5.453618315455175530e-02 6.958437763107694699e-03 9.984455050568682433e-01
1.614094280649533987e+09 8.085667197106761961e+00 4.729052713131753904e-01 1.052735169585823360e+00 2.164528186232923378e-03 -5.942261019582517623e-02 6.266877735855554132e-03 9.982108967841865077e-01
1.614094280849541187e+09 8.414753911980461965e+00 4.840963391269398897e-01 1.065709167472663976e+00 -9.144384724878660761e-03 -4.662092186261933280e-02 1.006367155496685518e-02 9.988201001118853783e-01
1.614094281099537134e+09 8.812463950449725303e+00 5.066587559033114418e-01 1.058106188302193829e+00 -1.572515675332823368e-02 -5.617779045028514079e-02 3.870510248703628187e-03 9.982894342101501506e-01
1.614094281349527121e+09 9.221978566716044767e+00 5.387601694197589053e-01 1.069667144278896087e+00 6.164856140192480696e-03 -5.352963106674454852e-02 -1.339381308208550427e-02 9.984573996509571447e-01
1.614094281566209316e+09 9.574317452909877346e+00 5.547901127817536082e-01 1.063352634914129125e+00 -1.108365814915474555e-02 -5.512561012517305792e-02 -1.524345010141125653e-02 9.983015360397708982e-01
1.614094281816213846e+09 9.991943876713737183e+00 5.657618751525201883e-01 1.048890231333425627e+00 -1.863517590075919198e-03 -5.201878603867500506e-02 3.262251442362445585e-03 9.986390393514469332e-01
1.614094282066207886e+09 1.039121099964108019e+01 5.814926883688724679e-01 1.059514862793885959e+00 -8.183655250591503894e-03 -5.710948906690579280e-02 1.009244990639120501e-02 9.982833648319215936e-01
1.614094282266208887e+09 1.072824862401876800e+01 5.973171847700957660e-01 1.030446324546650638e+00 -1.793823291437767527e-03 -5.276229113962872808e-02 -1.048117945000593288e-03 9.986049390426974259e-01
1.614094282516207933e+09 1.111822098824974070e+01 6.100028379481733376e-01 1.058076639542300024e+00 3.362777136049846689e-03 -4.788412104016258330e-02 -1.008938620085885265e-02 9.987962790120087364e-01
1.614094282766193867e+09 1.152536148220698919e+01 6.185950144065442968e-01 1.028214038703890054e+00 4.168205896671274904e-03 -5.282204553278468245e-02 1.175838664923132583e-02 9.985260126349951859e-01
1.614094283016192913e+09 1.190080592653994174e+01 6.366785445602123339e-01 1.070414259543884805e+00 -8.965408421684780207e-03 -5.467816038894534464e-02 3.382656589187331420e-02 9.978906170859990210e-01
1.614094283282863855e+09 1.231092513642626152e+01 6.707032494556689484e-01 1.022519361831869533e+00 -1.701740457570124349e-02 -4.877753008433326209e-02 3.467625695137606379e-02 9.980624818638466067e-01
1.614094283516193390e+09 1.263279617204132954e+01 7.296396296651879165e-01 1.059491823017095102e+00 -4.166183529606745650e-02 -5.398432503527221538e-02 7.034858385847084228e-02 9.951889573741043993e-01
1.614094283716213465e+09 1.292655599589380344e+01 8.274098283147638400e-01 1.031868106659465045e+00 -5.671196927883584427e-02 -7.340446216087492814e-02 1.626229916079406090e-01 9.823183292985389059e-01
1.614094283916222811e+09 1.316624600038697324e+01 9.765837457968790103e-01 1.031566075445918829e+00 -7.746426942944037441e-02 -7.401118694396756348e-02 2.899787209632316842e-01 9.510173355714586219e-01
1.614094284116241217e+09 1.333447218992496808e+01 1.166172550260135887e+00 1.030861473957208840e+00 -5.435790695035520176e-02 -6.389339969707485967e-02 4.068949350949876420e-01 9.096149532748305511e-01
1.614094284366266489e+09 1.350251145213877813e+01 1.447141800545455492e+00 1.003713071071769214e+00 -3.745249173364396250e-02 -5.336514878578786647e-02 5.047699296560680393e-01 8.607884698769031617e-01
1.614094284566299438e+09 1.358843236632992912e+01 1.684384509148793230e+00 1.032948831215049879e+00 -2.245205449634807629e-02 -5.158225380783618141e-02 5.691083372720661115e-01 8.203358317106606012e-01
1.614094284766346693e+09 1.365667918741365128e+01 1.944609162739295849e+00 1.019873811214339732e+00 4.597437198561816520e-03 -3.664371190486791913e-02 6.252183178667440888e-01 7.795756261921721331e-01
1.614094285016335487e+09 1.370515788847905903e+01 2.277707186078007595e+00 1.047254061471130093e+00 -1.074230779171659808e-02 -4.310613774401119563e-02 6.781886622790874730e-01 7.335438651288715972e-01
1.614094285216370344e+09 1.372339130221643444e+01 2.554699994023421183e+00 1.038381081649968118e+00 1.501881528090805509e-02 -3.805879770278573770e-02 6.947672746606008420e-01 7.180699110571738819e-01
1.614094285466385365e+09 1.371640251306934033e+01 2.912416067869663117e+00 1.049968326595944523e+00 3.441331037769705930e-03 -3.194729473892708727e-02 7.002344212202901153e-01 7.131895140408599509e-01
1.614094285766392469e+09 1.369984184587389109e+01 3.343558681312420955e+00 1.047732805980955195e+00 2.323601014952810656e-02 -2.118125399453817462e-02 7.047617521286909659e-01 7.087470035548985026e-01
1.614094286033067226e+09 1.368528501520033380e+01 3.730105366082067331e+00 1.072615720820288443e+00 1.416389470320441810e-02 -3.053199964406184963e-02 7.165833719269907309e-01 6.966889206542009605e-01
1.614094286283089161e+09 1.366547517143687251e+01 4.081580263404565478e+00 1.074025328260894474e+00 2.102299509599610608e-02 -3.940033087418303576e-02 7.110262971045054892e-01 7.017458602870799700e-01
1.614094286483132601e+09 1.363662001395600143e+01 4.371764928670068606e+00 1.074570802571665151e+00 1.040760827194040124e-02 -3.233188974200430776e-02 7.123162191765559648e-01 7.010363289400807218e-01
1.614094286683158159e+09 1.359223158077645444e+01 4.649338444639769641e+00 1.106638317479995415e+00 8.190926312604809509e-03 -6.233916381231873610e-02 7.396311593520472627e-01 6.700690154729352921e-01
1.614094286949775219e+09 1.346263676506622176e+01 4.998621383333849977e+00 1.073865771824595639e+00 3.465286817480682686e-03 -8.582040642705483779e-02 8.207622858602853233e-01 5.647761678199310076e-01
1.614094287199741125e+09 1.325598421166723107e+01 5.233266013461821409e+00 1.086110100858814098e+00 -9.258170033228381446e-03 -9.963570079279661373e-02 8.968767402769833863e-01 4.308121704006245833e-01
1.614094287449728251e+09 1.298681126534656904e+01 5.419677245119068232e+00 1.053446806751077824e+00 1.030795550836851975e-02 -6.706793855897219547e-02 9.433915129404781830e-01 3.246661223203970992e-01
1.614094287699697971e+09 1.269188397198891138e+01 5.538543894542062418e+00 1.078236803727381066e+00 8.294603374609219731e-03 -6.813701882650217978e-02 9.713511510557211182e-01 2.275203014304892635e-01
1.614094287949661016e+09 1.235608880133933596e+01 5.621101840728347732e+00 1.053011926855030644e+00 2.601045653266808796e-02 -4.568515634187634428e-02 9.909050244700081667e-01 1.238691047883730689e-01
1.614094288199609280e+09 1.201778355004197607e+01 5.657839356312627466e+00 1.075033280764963850e+00 1.359861112527147552e-02 -4.884672527690828853e-02 9.979080259189362367e-01 4.010794200351806144e-02
1.614094288516230106e+09 1.155387619479787098e+01 5.666231076553587265e+00 1.053250567113190206e+00 2.259834580384893418e-02 -2.331324782392073941e-02 9.994682095815311529e-01 3.017495438055402528e-03
1.614094288766222239e+09 1.118173246324997550e+01 5.656491890427892244e+00 1.088025357776326807e+00 2.347358811556585906e-02 -1.950040267616161282e-02 9.995337524083980352e-01 -1.001375471726114645e-03
1.614094288999539375e+09 1.081266495853598997e+01 5.639152873450278491e+00 1.059444875147524279e+00 3.402133719102068410e-02 -1.178271798403549269e-03 9.993152933585293107e-01 -1.449499055054364986e-02
1.614094289299549341e+09 1.035706394594396684e+01 5.608386432604077321e+00 1.092722250198534750e+00 3.380751402826625424e-02 -2.092534765574246766e-02 9.984250668208586310e-01 -3.957989091039711138e-02
1.614094289549555302e+09 9.955893591120018371e+00 5.569978747020961407e+00 1.064974069971680759e+00 4.056081812530077518e-02 -1.509927073909777227e-02 9.986220994895805836e-01 -2.967717080814720812e-02
1.614094289799556255e+09 9.570635095128283254e+00 5.544177088292703282e+00 1.097934764719854295e+00 3.768876942600838525e-02 1.188716765386610245e-03 9.992470344183594921e-01 -9.138261197778737785e-03
1.614094290049527407e+09 9.165433035970304232e+00 5.521614542043120188e+00 1.067647132298713775e+00 4.198888042698362133e-02 -1.128329451517166501e-03 9.989750418195804116e-01 -1.686791672687573684e-02
1.614094290399521351e+09 8.622794024860318984e+00 5.496741909704560669e+00 1.092249709962437532e+00 4.065585169696135648e-02 -1.603720909261638697e-02 9.988758180338903614e-01 -1.835782651733281617e-02
1.614094290599582195e+09 8.300173466091386842e+00 5.475209966573962639e+00 1.079809749817104203e+00 4.907267227404596421e-02 -1.386990192191305850e-02 9.986272070379895727e-01 -1.196662107968852508e-02
1.614094290916287422e+09 7.801608314636669483e+00 5.447444817175770559e+00 1.104005813855814200e+00 5.286509633109671286e-02 -2.764331146699859371e-03 9.985810827116200494e-01 5.784575499035279379e-03
1.614094291116301775e+09 7.471045806168177705e+00 5.428740626652905021e+00 1.082644496228922337e+00 4.944880142731626627e-02 -2.053074349179851051e-03 9.986645508901259571e-01 -1.482281075037797206e-02
1.614094291466336966e+09 6.929525354252199953e+00 5.396306404708405502e+00 1.086747030012484405e+00 4.095201594792394900e-02 -1.205926250375062743e-02 9.988634306812359531e-01 -2.119795804737602263e-02
1.614094291716349125e+09 6.526181779509014902e+00 5.363816452201750629e+00 1.093632030508084441e+00 3.064110817516545182e-02 -3.219254102102797957e-03 9.994166259376731087e-01 -1.473657667781097351e-02
1.614094291916358948e+09 6.216544329333248520e+00 5.342926348765722366e+00 1.104235245258696763e+00 3.970896265315886076e-02 -1.887562354831496614e-03 9.991947523860926772e-01 -5.429751141773074205e-03
1.614094292116392136e+09 5.882583623282203966e+00 5.324838107907405416e+00 1.078999949306009398e+00 4.151060964491094796e-02 1.084002441316078529e-02 9.988120465423336869e-01 -2.310538550954790646e-02
1.614094292416394949e+09 5.414335948142666055e+00 5.304115764890645401e+00 1.105489157462339112e+00 4.047245728751199673e-02 -1.787766398017409664e-02 9.987390066934082045e-01 -2.372268620512574255e-02
1.614094292666381121e+09 5.000960230921505989e+00 5.275705805789270286e+00 1.086705911719722195e+00 4.508234070498014223e-02 -5.591061846325395650e-03 9.989626840721276269e-01 -3.142994654966360744e-03
1.614094292933074236e+09 4.581389418990553963e+00 5.246291524614720814e+00 1.103319083206514284e+00 4.415565849542969767e-02 9.613718282183726302e-03 9.989334515545372772e-01 9.477004218886768763e-03
1.614094293183008194e+09 4.170864777158403314e+00 5.228463802577583586e+00 1.084060935061780695e+00 3.890932142223255119e-02 7.921641443525920950e-04 9.992192121524070547e-01 -6.811992950137481066e-03
1.614094293483009100e+09 3.694182615785515988e+00 5.210427117527497209e+00 1.096899524046770269e+00 4.586379163449289670e-02 -2.006275219764688464e-02 9.987138672487700930e-01 -8.038031859208722568e-03
1.614094293733005524e+09 3.289794394974828062e+00 5.191779371863805004e+00 1.089296917656075614e+00 3.245693522370261125e-02 2.530748492409230777e-03 9.993836322089514335e-01 1.313386237159041951e-02
1.614094294033017635e+09 2.810321709269297585e+00 5.176519106678664883e+00 1.082709747384008825e+00 3.181950509508691544e-02 1.314783210668972642e-03 9.994849430556047576e-01 3.954623338228681166e-03
1.614094294233053923e+09 2.481195057985564834e+00 5.164413568008793476e+00 1.081886786091837305e+00 3.105839929497793139e-02 -4.510533436197350539e-03 9.993439686898422103e-01 -1.807382540001698304e-02
1.614094294483078957e+09 2.090172563288265728e+00 5.152406359189324547e+00 1.097846694954524027e+00 3.879538708599045149e-02 -7.448201032756574143e-03 9.990802675264019994e-01 -1.667516961223849611e-02
1.614094294749735355e+09 1.666121102288477873e+00 5.126634992525414880e+00 1.087101157889152514e+00 3.710896349494440666e-02 -3.912806024444426961e-03 9.992514952013202834e-01 -1.020118205265335698e-02
1.614094294949745417e+09 1.371408070747023311e+00 5.103080179652164539e+00 1.105319108887786284e+00 4.056442081739051325e-02 -3.523648140246647947e-03 9.989801763196743956e-01 -1.951202162375006988e-02
1.614094295149781227e+09 1.065162058553896784e+00 5.066048268482207462e+00 1.073345914604092899e+00 4.515931878204065136e-02 -1.079571775103516096e-02 9.966215783839704745e-01 -6.774598072819758288e-02
1.614094295349811316e+09 7.869713904395359005e-01 5.002307642188242198e+00 1.096561799900777734e+00 4.350840104724686824e-02 -6.007254134854348587e-02 9.889799061393483859e-01 -1.281290523918964808e-01
1.614094295599802256e+09 4.653194655088320753e-01 4.865659807961209893e+00 1.076036556289941215e+00 6.000262741561106922e-02 -7.904057252160669178e-02 9.747575143842337475e-01 -2.000001518753182772e-01
1.614094295816459179e+09 2.196021165041976142e-01 4.704767571363197121e+00 1.090555060248320940e+00 6.999264416768277708e-02 -1.092892011034782979e-01 9.553303388695235654e-01 -2.655199501356176883e-01
1.614094296016469240e+09 4.888630484840340851e-02 4.489941860556954545e+00 1.095155022232337183e+00 8.227807398147388152e-02 -8.993646526232881855e-02 9.252365258242679635e-01 -3.592758300229166313e-01
1.614094296266414165e+09 -9.963789520992065440e-02 4.176822959252954881e+00 1.058920585747056053e+00 6.931158694903255535e-02 -6.154405671571964997e-02 8.638072499957090145e-01 -4.952224427996267941e-01
1.614094296516353130e+09 -1.646846403575559226e-01 3.853413301385247181e+00 1.066786497343995777e+00 -6.736401506622941016e-02 5.651084097312140259e-02 -7.943968722360987833e-01 6.010010180591800477e-01
1.614094296766265631e+09 -1.894018090626874706e-01 3.510514076234263037e+00 1.043542988890394874e+00 -4.664763267553292958e-02 3.107669706931958861e-02 -7.497148937032307447e-01 6.593829050139102810e-01
1.614094296966272593e+09 -1.940452517398411902e-01 3.247937319923194899e+00 1.071115280364056677e+00 -2.353661053552339594e-02 1.422909954403805272e-02 -7.344866941951536665e-01 6.780655254036587198e-01
1.614094297266168594e+09 -1.878794767300166202e-01 2.830491588503960987e+00 1.050189701952130239e+00 -1.306869032217838726e-02 7.239177311726082732e-03 -6.987758900187922562e-01 7.151846329260418411e-01
1.614094297516120434e+09 -1.776027453816957091e-01 2.486703016963604629e+00 1.085007188343156015e+00 -1.552393769208197487e-02 9.849478143612366843e-03 -6.878540565929722739e-01 7.256161464351679191e-01
1.614094297766112089e+09 -1.590681392174495556e-01 2.137034999708798733e+00 1.064499604891461670e+00 -7.809167597156673607e-03 -2.611055370454689467e-02 -7.027210276721107540e-01 7.109433262603526149e-01
1.614094298032800436e+09 -1.718962101139561716e-01 1.791118778479463325e+00 1.084915969135771485e+00 2.483196813519415042e-02 -3.944614516536889409e-02 -7.452857341843157624e-01 6.651139371652580179e-01
1.614094298282824039e+09 -1.982936589724717535e-01 1.448160550932059643e+00 1.056506026810486887e+00 1.269623566743029695e-02 -3.989394605775083147e-02 -7.329411883739093136e-01 6.790025721990012864e-01
1.614094298482830048e+09 -2.314995979993091368e-01 1.184668429778666709e+00 1.077320224802671644e+00 -5.891363749896104569e-03 -2.475706171408768516e-02 -6.953634064333615861e-01 7.182075693849535591e-01
1.614094298699522734e+09 -2.789911455307681476e-01 9.047876830058004805e-01 1.095347870561045989e+00 -2.453672205266998335e-02 -1.189492492603830623e-02 -6.637103520588328864e-01 7.474924940103773174e-01
1.614094298899532795e+09 -3.019295546547167697e-01 6.414294605953031470e-01 1.093573418925883223e+00 -7.984124107408377413e-02 8.424436188448373650e-04 -6.043546838467036553e-01 7.927042844750178396e-01
1.614094299116189241e+09 -2.872574114623385189e-01 4.064086225295121535e-01 1.084949116994491147e+00 -9.540325532816164300e-02 1.351819255953886148e-02 -4.915694939579694500e-01 8.654911379977374697e-01
1.614094299366163492e+09 -2.367406733629076332e-01 1.901726332174973055e-01 9.790255082867085346e-01 -6.062877118167776108e-02 1.516079126092691881e-02 -3.249228283359045788e-01 9.436733853084650070e-01
1.614094299582767248e+09 -1.793483762929806991e-01 5.229518102385991019e-02 8.118125048307381908e-01 -7.248125952194013621e-02 7.790010783165384096e-03 -1.710714852915851403e-01 9.825580540966738496e-01
1.614094299832672119e+09 -1.269737020652151049e-01 4.497118769153051181e-04 5.543405320603685960e-01 -6.657791902607894385e-02 -1.223273842062219847e-02 -5.594405491993689056e-02 9.961365385969960240e-01
1.614094300032673120e+09 -8.020387999533229451e-02 -2.412740806427578558e-02 3.562247716087968419e-01 -2.224617207292214210e-02 -1.967535704687059864e-03 -1.173343169735916250e-02 9.996817309583866384e-01
1.614094300382549524e+09 -2.872062710275226360e-02 -2.262511213483442765e-02 1.438194619790763851e-01 4.068163869753905690e-03 -1.137372183923291737e-02 2.621757701939595245e-02 9.995832767456069856e-01
1.614094300682504416e+09 -5.844089024093944082e-04 -2.432883675042415983e-02 1.031613703839530938e-01 -1.160726804126718630e-02 -2.584327433217236195e-02 4.303887651002150094e-02 9.986716435391390645e-01
1.614094301182766438e+09 1.484171843494494838e-02 -2.553514728219269045e-02 8.162390469315218555e-02 9.516595149881320985e-04 -1.986310633325230959e-02 4.132052269852054538e-02 9.989480295565342782e-01
1.614094301599421501e+09 1.400547678022419883e-02 -2.626320990108614237e-02 7.769838283247519628e-02 -2.564117376953412367e-03 -1.176335810863280221e-02 3.936154278571519366e-02 9.991524997004278541e-01
1.614094310098971605e+09 1.875112227942701132e-02 -2.438792098509469375e-02 6.462248744055544558e-02 1.842150753097970784e-04 -7.097074380050534103e-04 3.603164050365774418e-02 9.993503806287230562e-01
1.614094310348966599e+09 1.332172797528711344e-02 -2.427047453908130759e-02 6.855196518408010475e-02 -8.314801776425051992e-04 -5.896287224053295070e-03 2.707127791544949175e-02 9.996157703586463494e-01
1.614094310798965454e+09 1.161559101146294494e-02 -2.624688265788612668e-02 6.967071319192663648e-02 -4.334133512237146359e-03 -8.529841451606064856e-03 7.104236614789584577e-03 9.999289909356712247e-01
1.614094311548935413e+09 1.100325589568022094e-02 -2.799542347582404528e-02 6.927352636390293750e-02 -6.026527295495492931e-03 -8.877664907885518888e-03 -2.105656773783128738e-03 9.999402153349423727e-01
